dx = 0.010000, dy = 0.010204
t = 0.100000
0.295000 0.668367 0.109155
0.295000 0.678571 0.117402
0.295000 0.688776 0.123547
0.295000 0.698980 0.127411
0.295000 0.709184 0.128891
0.295000 0.719388 0.127928
0.295000 0.729592 0.124506
0.295000 0.739796 0.118754
0.295000 0.750000 0.110824
0.295000 0.760204 0.100962
0.305000 0.637755 0.108915
0.305000 0.647959 0.124295
0.305000 0.658163 0.138283
0.305000 0.668367 0.150505
0.305000 0.678571 0.160602
0.305000 0.688776 0.168268
0.305000 0.698980 0.173262
0.305000 0.709184 0.175391
0.305000 0.719388 0.174638
0.305000 0.729592 0.170972
0.305000 0.739796 0.164521
0.305000 0.750000 0.155440
0.305000 0.760204 0.144003
0.305000 0.770408 0.130516
0.305000 0.780612 0.115358
0.315000 0.617347 0.104603
0.315000 0.627551 0.124402
0.315000 0.637755 0.143733
0.315000 0.647959 0.162070
0.315000 0.658163 0.178870
0.315000 0.668367 0.193626
0.315000 0.678571 0.205879
0.315000 0.688776 0.215299
0.315000 0.698980 0.221614
0.315000 0.709184 0.224594
0.315000 0.719388 0.224165
0.315000 0.729592 0.220344
0.315000 0.739796 0.213202
0.315000 0.750000 0.202944
0.315000 0.760204 0.189853
0.315000 0.770408 0.174299
0.315000 0.780612 0.156725
0.315000 0.790816 0.137624
0.315000 0.801020 0.117516
0.325000 0.607143 0.110084
0.325000 0.617347 0.133064
0.325000 0.627551 0.156368
0.325000 0.637755 0.179201
0.325000 0.647959 0.200772
0.325000 0.658163 0.220471
0.325000 0.668367 0.237760
0.325000 0.678571 0.252173
0.325000 0.688776 0.263357
0.325000 0.698980 0.271023
0.325000 0.709184 0.275012
0.325000 0.719388 0.275152
0.325000 0.729592 0.271443
0.325000 0.739796 0.263929
0.325000 0.750000 0.252790
0.325000 0.760204 0.238273
0.325000 0.770408 0.220755
0.325000 0.780612 0.200712
0.325000 0.790816 0.178723
0.325000 0.801020 0.155439
0.325000 0.811224 0.131519
0.325000 0.821429 0.107602
0.335000 0.596939 0.108896
0.335000 0.607143 0.134393
0.335000 0.617347 0.161124
0.335000 0.627551 0.187937
0.335000 0.637755 0.213686
0.335000 0.647959 0.237816
0.335000 0.658163 0.259840
0.335000 0.668367 0.279250
0.335000 0.678571 0.295620
0.335000 0.688776 0.308541
0.335000 0.698980 0.317657
0.335000 0.709184 0.322772
0.335000 0.719388 0.323734
0.335000 0.729592 0.320473
0.335000 0.739796 0.313059
0.335000 0.750000 0.301615
0.335000 0.760204 0.286388
0.335000 0.770408 0.267700
0.335000 0.780612 0.245964
0.335000 0.790816 0.221689
0.335000 0.801020 0.195497
0.335000 0.811224 0.168140
0.335000 0.821429 0.140478
0.335000 0.831633 0.113393
0.345000 0.586735 0.101334
0.345000 0.596939 0.128270
0.345000 0.607143 0.157200
0.345000 0.617347 0.187015
0.345000 0.627551 0.216047
0.345000 0.637755 0.243939
0.345000 0.647959 0.270427
0.345000 0.658163 0.294788
0.345000 0.668367 0.316418
0.345000 0.678571 0.334817
0.345000 0.688776 0.349544
0.345000 0.698980 0.360272
0.345000 0.709184 0.366663
0.345000 0.719388 0.368591
0.345000 0.729592 0.365972
0.345000 0.739796 0.358829
0.345000 0.750000 0.347293
0.345000 0.760204 0.331604
0.345000 0.770408 0.312096
0.345000 0.780612 0.289198
0.345000 0.790816 0.263416
0.345000 0.801020 0.235324
0.345000 0.811224 0.205568
0.345000 0.821429 0.174885
0.345000 0.831633 0.144130
0.345000 0.841837 0.114328
0.355000 0.586735 0.115457
0.355000 0.596939 0.145034
0.355000 0.607143 0.176615
0.355000 0.617347 0.208185
0.355000 0.627551 0.239088
0.355000 0.637755 0.269547
0.355000 0.647959 0.298499
0.355000 0.658163 0.325079
0.355000 0.668367 0.348808
0.355000 0.678571 0.369129
0.355000 0.688776 0.385590
0.355000 0.698980 0.397854
0.355000 0.709184 0.405648
0.355000 0.719388 0.408736
0.355000 0.729592 0.407023
0.355000 0.739796 0.400479
0.355000 0.750000 0.389208
0.355000 0.760204 0.373393
0.355000 0.770408 0.353350
0.355000 0.780612 0.329509
0.355000 0.790816 0.302420
0.355000 0.801020 0.272728
0.355000 0.811224 0.241125
0.355000 0.821429 0.208316
0.355000 0.831633 0.175041
0.355000 0.841837 0.142091
0.355000 0.852041 0.110498
0.365000 0.586735 0.126331
0.365000 0.596939 0.158011
0.365000 0.607143 0.191211
0.365000 0.617347 0.224206
0.365000 0.627551 0.257416
0.365000 0.637755 0.289940
0.365000 0.647959 0.320384
0.365000 0.658163 0.348568
0.365000 0.668367 0.373943
0.365000 0.678571 0.395939
0.365000 0.688776 0.414107
0.365000 0.698980 0.427958
0.365000 0.709184 0.437212
0.365000 0.719388 0.441628
0.365000 0.729592 0.441058
0.365000 0.739796 0.435485
0.365000 0.750000 0.424952
0.365000 0.760204 0.409643
0.365000 0.770408 0.389818
0.365000 0.780612 0.365840
0.365000 0.790816 0.338163
0.365000 0.801020 0.307355
0.365000 0.811224 0.274137
0.365000 0.821429 0.239371
0.365000 0.831633 0.203977
0.365000 0.841837 0.168833
0.365000 0.852041 0.134622
0.365000 0.862245 0.102197
0.375000 0.576531 0.103231
0.375000 0.586735 0.133388
0.375000 0.596939 0.166443
0.375000 0.607143 0.200581
0.375000 0.617347 0.234924
0.375000 0.627551 0.269696
0.375000 0.637755 0.303091
0.375000 0.647959 0.335005
0.375000 0.658163 0.364983
0.375000 0.668367 0.392029
0.375000 0.678571 0.415649
0.375000 0.688776 0.435355
0.375000 0.698980 0.450790
0.375000 0.709184 0.461540
0.375000 0.719388 0.467369
0.375000 0.729592 0.468098
0.375000 0.739796 0.463633
0.375000 0.750000 0.454016
0.375000 0.760204 0.439371
0.375000 0.770408 0.419953
0.375000 0.780612 0.396135
0.375000 0.790816 0.368404
0.375000 0.801020 0.337337
0.375000 0.811224 0.303561
0.375000 0.821429 0.267757
0.375000 0.831633 0.230712
0.375000 0.841837 0.193394
0.375000 0.852041 0.156969
0.375000 0.862245 0.122374
0.385000 0.576531 0.105516
0.385000 0.586735 0.136299
0.385000 0.596939 0.169988
0.385000 0.607143 0.204531
0.385000 0.617347 0.239842
0.385000 0.627551 0.275275
0.385000 0.637755 0.309653
0.385000 0.647959 0.342978
0.385000 0.658163 0.373876
0.385000 0.668367 0.402050
0.385000 0.678571 0.427027
0.385000 0.688776 0.448185
0.385000 0.698980 0.465061
0.385000 0.709184 0.477325
0.385000 0.719388 0.484652
0.385000 0.729592 0.486841
0.385000 0.739796 0.483787
0.385000 0.750000 0.475471
0.385000 0.760204 0.461992
0.385000 0.770408 0.443548
0.385000 0.780612 0.420444
0.385000 0.790816 0.393096
0.385000 0.801020 0.362040
0.385000 0.811224 0.327947
0.385000 0.821429 0.291605
0.385000 0.831633 0.253858
0.385000 0.841837 0.215535
0.385000 0.852041 0.177444
0.385000 0.862245 0.140643
0.385000 0.872449 0.106410
0.395000 0.576531 0.104204
0.395000 0.586735 0.135005
0.395000 0.596939 0.168661
0.395000 0.607143 0.203154
0.395000 0.617347 0.238887
0.395000 0.627551 0.274436
0.395000 0.637755 0.309568
0.395000 0.647959 0.343253
0.395000 0.658163 0.375005
0.395000 0.668367 0.404345
0.395000 0.678571 0.430396
0.395000 0.688776 0.452805
0.395000 0.698980 0.471076
0.395000 0.709184 0.484785
0.395000 0.719388 0.493624
0.395000 0.729592 0.497345
0.395000 0.739796 0.495796
0.395000 0.750000 0.488932
0.395000 0.760204 0.476807
0.395000 0.770408 0.459590
0.395000 0.780612 0.437566
0.395000 0.790816 0.411135
0.395000 0.801020 0.380800
0.395000 0.811224 0.347154
0.395000 0.821429 0.310882
0.395000 0.831633 0.272781
0.395000 0.841837 0.233771
0.395000 0.852041 0.194869
0.395000 0.862245 0.156991
0.395000 0.872449 0.120986
0.405000 0.586735 0.129734
0.405000 0.596939 0.162741
0.405000 0.607143 0.196771
0.405000 0.617347 0.232223
0.405000 0.627551 0.267622
0.405000 0.637755 0.302798
0.405000 0.647959 0.336724
0.405000 0.658163 0.369087
0.405000 0.668367 0.398887
0.405000 0.678571 0.425862
0.405000 0.688776 0.449315
0.405000 0.698980 0.468791
0.405000 0.709184 0.483874
0.405000 0.719388 0.494200
0.405000 0.729592 0.499498
0.405000 0.739796 0.499586
0.405000 0.750000 0.494373
0.405000 0.760204 0.483875
0.405000 0.770408 0.468214
0.405000 0.780612 0.447625
0.405000 0.790816 0.422458
0.405000 0.801020 0.393177
0.405000 0.811224 0.360366
0.405000 0.821429 0.324720
0.405000 0.831633 0.287012
0.405000 0.841837 0.248078
0.405000 0.852041 0.208809
0.405000 0.862245 0.170224
0.405000 0.872449 0.133397
0.415000 0.586735 0.120939
0.415000 0.596939 0.152680
0.415000 0.607143 0.185924
0.415000 0.617347 0.220408
0.415000 0.627551 0.255364
0.415000 0.637755 0.290005
0.415000 0.647959 0.323931
0.415000 0.658163 0.356193
0.415000 0.668367 0.386480
0.415000 0.678571 0.413987
0.415000 0.688776 0.438263
0.415000 0.698980 0.458785
0.415000 0.709184 0.475104
0.415000 0.719388 0.486844
0.415000 0.729592 0.493698
0.415000 0.739796 0.495448
0.415000 0.750000 0.491967
0.415000 0.760204 0.483230
0.415000 0.770408 0.469323
0.415000 0.780612 0.450440
0.415000 0.790816 0.426895
0.415000 0.801020 0.399110
0.415000 0.811224 0.367619
0.415000 0.821429 0.333059
0.415000 0.831633 0.296173
0.415000 0.841837 0.257801
0.415000 0.852041 0.218857
0.415000 0.862245 0.180280
0.415000 0.872449 0.143036
0.415000 0.882653 0.108194
0.425000 0.586735 0.109248
0.425000 0.596939 0.139202
0.425000 0.607143 0.171201
0.425000 0.617347 0.204329
0.425000 0.627551 0.238232
0.425000 0.637755 0.272151
0.425000 0.647959 0.305411
0.425000 0.658163 0.337524
0.425000 0.668367 0.367731
0.425000 0.678571 0.395551
0.425000 0.688776 0.420387
0.425000 0.698980 0.441732
0.425000 0.709184 0.459125
0.425000 0.719388 0.472161
0.425000 0.729592 0.480506
0.425000 0.739796 0.483908
0.425000 0.750000 0.482204
0.425000 0.760204 0.475332
0.425000 0.770408 0.463331
0.425000 0.780612 0.446357
0.425000 0.790816 0.424675
0.425000 0.801020 0.398669
0.425000 0.811224 0.368837
0.425000 0.821429 0.335783
0.425000 0.831633 0.300214
0.425000 0.841837 0.262921
0.425000 0.852041 0.224772
0.425000 0.862245 0.186711
0.425000 0.872449 0.149721
0.425000 0.882653 0.114774
0.435000 0.596939 0.123255
0.435000 0.607143 0.153294
0.435000 0.617347 0.184872
0.435000 0.627551 0.217258
0.435000 0.637755 0.249965
0.435000 0.647959 0.282350
0.435000 0.658163 0.313772
0.435000 0.668367 0.343689
0.435000 0.678571 0.371481
0.435000 0.688776 0.396608
0.435000 0.698980 0.418546
0.435000 0.709184 0.436813
0.435000 0.719388 0.450986
0.435000 0.729592 0.460706
0.435000 0.739796 0.465690
0.435000 0.750000 0.465739
0.435000 0.760204 0.460755
0.435000 0.770408 0.450738
0.435000 0.780612 0.435801
0.435000 0.790816 0.416171
0.435000 0.801020 0.392188
0.435000 0.811224 0.364305
0.435000 0.821429 0.333086
0.435000 0.831633 0.299195
0.435000 0.841837 0.263395
0.435000 0.852041 0.226525
0.435000 0.862245 0.189485
0.435000 0.872449 0.153223
0.435000 0.882653 0.118723
0.445000 0.596939 0.105579
0.445000 0.607143 0.133380
0.445000 0.617347 0.162837
0.445000 0.627551 0.193448
0.445000 0.637755 0.224571
0.445000 0.647959 0.255658
0.445000 0.658163 0.286124
0.445000 0.668367 0.315373
0.445000 0.678571 0.342844
0.445000 0.688776 0.367978
0.445000 0.698980 0.390248
0.445000 0.709184 0.409164
0.445000 0.719388 0.424283
0.445000 0.729592 0.435222
0.445000 0.739796 0.441670
0.445000 0.750000 0.443399
0.445000 0.760204 0.440272
0.445000 0.770408 0.432253
0.445000 0.780612 0.419416
0.445000 0.790816 0.401945
0.445000 0.801020 0.380139
0.445000 0.811224 0.354411
0.445000 0.821429 0.325283
0.445000 0.831633 0.293381
0.445000 0.841837 0.259423
0.445000 0.852041 0.224210
0.445000 0.862245 0.188612
0.445000 0.872449 0.153549
0.445000 0.882653 0.119965
0.455000 0.607143 0.112274
0.455000 0.617347 0.139372
0.455000 0.627551 0.167791
0.455000 0.637755 0.197020
0.455000 0.647959 0.226490
0.455000 0.658163 0.255645
0.455000 0.668367 0.283924
0.455000 0.678571 0.310763
0.455000 0.688776 0.335614
0.455000 0.698980 0.357947
0.455000 0.709184 0.377263
0.455000 0.719388 0.393106
0.455000 0.729592 0.405073
0.455000 0.739796 0.412827
0.455000 0.750000 0.416111
0.455000 0.760204 0.414756
0.455000 0.770408 0.408690
0.455000 0.780612 0.397950
0.455000 0.790816 0.382680
0.455000 0.801020 0.363141
0.455000 0.811224 0.339702
0.455000 0.821429 0.312846
0.455000 0.831633 0.283157
0.455000 0.841837 0.251312
0.455000 0.852041 0.218074
0.455000 0.862245 0.184273
0.455000 0.872449 0.150790
0.455000 0.882653 0.118543
0.465000 0.617347 0.115396
0.465000 0.627551 0.141369
0.465000 0.637755 0.168385
0.465000 0.647959 0.195933
0.465000 0.658163 0.223477
0.465000 0.668367 0.250476
0.465000 0.678571 0.276384
0.465000 0.688776 0.300660
0.465000 0.698980 0.322777
0.465000 0.709184 0.342231
0.465000 0.719388 0.358554
0.465000 0.729592 0.371328
0.465000 0.739796 0.380195
0.465000 0.750000 0.384870
0.465000 0.760204 0.385155
0.465000 0.770408 0.380947
0.465000 0.780612 0.372245
0.465000 0.790816 0.359158
0.465000 0.801020 0.341907
0.465000 0.811224 0.320824
0.465000 0.821429 0.296350
0.465000 0.831633 0.269028
0.465000 0.841837 0.239495
0.465000 0.852041 0.208472
0.465000 0.862245 0.176748
0.465000 0.872449 0.145166
0.465000 0.882653 0.114605
0.475000 0.627551 0.115160
0.475000 0.637755 0.139709
0.475000 0.647959 0.165059
0.475000 0.658163 0.190708
0.475000 0.668367 0.216141
0.475000 0.678571 0.240829
0.475000 0.688776 0.264243
0.475000 0.698980 0.285862
0.475000 0.709184 0.305182
0.475000 0.719388 0.321728
0.475000 0.729592 0.335068
0.475000 0.739796 0.344826
0.475000 0.750000 0.350695
0.475000 0.760204 0.352451
0.475000 0.770408 0.349960
0.475000 0.780612 0.343189
0.475000 0.790816 0.332213
0.475000 0.801020 0.317217
0.475000 0.811224 0.298494
0.475000 0.821429 0.276448
0.475000 0.831633 0.251581
0.475000 0.841837 0.224489
0.475000 0.852041 0.195851
0.475000 0.862245 0.166415
0.475000 0.872449 0.136982
0.475000 0.882653 0.108391
0.485000 0.637755 0.111953
0.485000 0.647959 0.134865
0.485000 0.658163 0.158367
0.485000 0.668367 0.181967
0.485000 0.678571 0.205162
0.485000 0.688776 0.227438
0.485000 0.698980 0.248282
0.485000 0.709184 0.267194
0.485000 0.719388 0.283695
0.485000 0.729592 0.297345
0.485000 0.739796 0.307754
0.485000 0.750000 0.314596
0.485000 0.760204 0.317622
0.485000 0.770408 0.316673
0.485000 0.780612 0.311687
0.485000 0.790816 0.302706
0.485000 0.801020 0.289881
0.485000 0.811224 0.273471
0.485000 0.821429 0.253842
0.485000 0.831633 0.231457
0.485000 0.841837 0.206873
0.485000 0.852041 0.180727
0.485000 0.862245 0.153724
0.485000 0.872449 0.126623
0.485000 0.882653 0.100219
0.495000 0.647959 0.106257
0.495000 0.658163 0.127386
0.495000 0.668367 0.148915
0.495000 0.678571 0.170364
0.495000 0.688776 0.191239
0.495000 0.698980 0.211039
0.495000 0.709184 0.229273
0.495000 0.719388 0.245461
0.495000 0.729592 0.259160
0.495000 0.739796 0.269967
0.495000 0.750000 0.277543
0.495000 0.760204 0.281618
0.495000 0.770408 0.282010
0.495000 0.780612 0.278630
0.495000 0.790816 0.271493
0.495000 0.801020 0.260717
0.495000 0.811224 0.246528
0.495000 0.821429 0.229256
0.495000 0.831633 0.209329
0.495000 0.841837 0.187265
0.495000 0.852041 0.163659
0.495000 0.862245 0.139174
0.495000 0.872449 0.114526
0.505000 0.668367 0.117837
0.505000 0.678571 0.137311
0.505000 0.688776 0.156541
0.505000 0.698980 0.175044
0.505000 0.709184 0.192338
0.505000 0.719388 0.207951
0.505000 0.729592 0.221435
0.505000 0.739796 0.232384
0.505000 0.750000 0.240445
0.505000 0.760204 0.245334
0.505000 0.770408 0.246848
0.505000 0.780612 0.244875
0.505000 0.790816 0.239402
0.505000 0.801020 0.230522
0.505000 0.811224 0.218427
0.505000 0.821429 0.203416
0.505000 0.831633 0.185880
0.505000 0.841837 0.166299
0.505000 0.852041 0.145232
0.505000 0.862245 0.123297
0.505000 0.872449 0.101167
0.515000 0.678571 0.106761
0.515000 0.688776 0.124127
0.515000 0.698980 0.141099
0.515000 0.709184 0.157209
0.515000 0.719388 0.171993
0.515000 0.729592 0.185007
0.515000 0.739796 0.195843
0.515000 0.750000 0.204140
0.515000 0.760204 0.209601
0.515000 0.770408 0.212007
0.515000 0.780612 0.211225
0.515000 0.790816 0.207221
0.515000 0.801020 0.200059
0.515000 0.811224 0.189905
0.515000 0.821429 0.177025
0.515000 0.831633 0.161778
0.515000 0.841837 0.144609
0.515000 0.852041 0.126035
0.515000 0.862245 0.106637
0.525000 0.698980 0.109886
0.525000 0.709184 0.124586
0.525000 0.719388 0.138305
0.525000 0.729592 0.150607
0.525000 0.739796 0.161083
0.525000 0.750000 0.169370
0.525000 0.760204 0.175163
0.525000 0.770408 0.178227
0.525000 0.780612 0.178416
0.525000 0.790816 0.175673
0.525000 0.801020 0.170038
0.525000 0.811224 0.161653
0.525000 0.821429 0.150754
0.525000 0.831633 0.137668
0.525000 0.841837 0.122806
0.525000 0.852041 0.106648
0.535000 0.719388 0.107493
0.535000 0.729592 0.118856
0.535000 0.739796 0.128741
0.535000 0.750000 0.136783
0.535000 0.760204 0.142673
0.535000 0.770408 0.146168
0.535000 0.780612 0.147105
0.535000 0.790816 0.145411
0.535000 0.801020 0.141106
0.535000 0.811224 0.134307
0.535000 0.821429 0.125223
0.535000 0.831633 0.114151
0.535000 0.841837 0.101469
0.545000 0.750000 0.106926
0.545000 0.760204 0.112692
0.545000 0.770408 0.116396
0.545000 0.780612 0.117866
0.545000 0.790816 0.117013
0.545000 0.801020 0.113839
0.545000 0.811224 0.108438
0.545000 0.821429 0.100995
