(1, 1) -> -4
(2, 1) -> 1
(6, 1) -> 1
(1, 2) -> 1
(2, 2) -> -4
(3, 2) -> 1
(7, 2) -> 1
(2, 3) -> 1
(3, 3) -> -4
(4, 3) -> 1
(8, 3) -> 1
(3, 4) -> 1
(4, 4) -> -4
(5, 4) -> 1
(9, 4) -> 1
(4, 5) -> 1
(5, 5) -> -4
(6, 5) -> 1
(10, 5) -> 1
(1, 6) -> 1
(5, 6) -> 1
(6, 6) -> -4
(7, 6) -> 1
(11, 6) -> 1
(2, 7) -> 1
(6, 7) -> 1
(7, 7) -> -4
(8, 7) -> 1
(12, 7) -> 1
(3, 8) -> 1
(7, 8) -> 1
(8, 8) -> -4
(9, 8) -> 1
(13, 8) -> 1
(4, 9) -> 1
(8, 9) -> 1
(9, 9) -> -4
(10, 9) -> 1
(14, 9) -> 1
(5, 10) -> 1
(9, 10) -> 1
(10, 10) -> -4
(11, 10) -> 1
(15, 10) -> 1
(6, 11) -> 1
(10, 11) -> 1
(11, 11) -> -4
(12, 11) -> 1
(16, 11) -> 1
(7, 12) -> 1
(11, 12) -> 1
(12, 12) -> -4
(13, 12) -> 1
(17, 12) -> 1
(8, 13) -> 1
(12, 13) -> 1
(13, 13) -> -4
(14, 13) -> 1
(18, 13) -> 1
(9, 14) -> 1
(13, 14) -> 1
(14, 14) -> -4
(15, 14) -> 1
(19, 14) -> 1
(10, 15) -> 1
(14, 15) -> 1
(15, 15) -> -4
(16, 15) -> 1
(20, 15) -> 1
(11, 16) -> 1
(15, 16) -> 1
(16, 16) -> -4
(17, 16) -> 1
(21, 16) -> 1
(12, 17) -> 1
(16, 17) -> 1
(17, 17) -> -4
(18, 17) -> 1
(22, 17) -> 1
(13, 18) -> 1
(17, 18) -> 1
(18, 18) -> -4
(19, 18) -> 1
(23, 18) -> 1
(14, 19) -> 1
(18, 19) -> 1
(19, 19) -> -4
(20, 19) -> 1
(24, 19) -> 1
(15, 20) -> 1
(19, 20) -> 1
(20, 20) -> -4
(21, 20) -> 1
(25, 20) -> 1
(16, 21) -> 1
(20, 21) -> 1
(21, 21) -> -4
(22, 21) -> 1
(26, 21) -> 1
(17, 22) -> 1
(21, 22) -> 1
(22, 22) -> -4
(23, 22) -> 1
(27, 22) -> 1
(18, 23) -> 1
(22, 23) -> 1
(23, 23) -> -4
(24, 23) -> 1
(28, 23) -> 1
(19, 24) -> 1
(23, 24) -> 1
(24, 24) -> -4
(25, 24) -> 1
(29, 24) -> 1
(20, 25) -> 1
(24, 25) -> 1
(25, 25) -> -4
(26, 25) -> 1
(30, 25) -> 1
(21, 26) -> 1
(25, 26) -> 1
(26, 26) -> -4
(27, 26) -> 1
(31, 26) -> 1
(22, 27) -> 1
(26, 27) -> 1
(27, 27) -> -4
(28, 27) -> 1
(32, 27) -> 1
(23, 28) -> 1
(27, 28) -> 1
(28, 28) -> -4
(29, 28) -> 1
(33, 28) -> 1
(24, 29) -> 1
(28, 29) -> 1
(29, 29) -> -4
(30, 29) -> 1
(34, 29) -> 1
(25, 30) -> 1
(29, 30) -> 1
(30, 30) -> -4
(31, 30) -> 1
(35, 30) -> 1
(26, 31) -> 1
(30, 31) -> 1
(31, 31) -> -4
(32, 31) -> 1
(27, 32) -> 1
(31, 32) -> 1
(32, 32) -> -4
(33, 32) -> 1
(28, 33) -> 1
(32, 33) -> 1
(33, 33) -> -4
(34, 33) -> 1
(29, 34) -> 1
(33, 34) -> 1
(34, 34) -> -4
(35, 34) -> 1
(30, 35) -> 1
(34, 35) -> 1
(35, 35) -> -4